surfaceInfo="caf_ag_vehicles_t\rvmat\Penetration\armour.bisurf";

diffuse[]={1.000000,0.5,0.5,1.000000};
ambient[]={1.000000,0.5,0.5,1.000000};